1 20.5868
2 0.718019
3 45.118
4 1.05813
5 1.26611
6 62.943
7 0.96482
8 0.213332
9 1.40857
10 1.32344
11 1.75361
12 0.727444
13 0.371685
14 1.46797
15 0.957322
16 0.552678
17 0.321106
18 1.29675
19 0.393638
20 0.275054
21 0.782338
22 1.22825
23 0.469069
24 1.26672
25 1.2296
26 0.680753
27 1.06443
28 0.265272
29 1.07812
30 1.26812
31 0.769006
32 0.272125
33 0.0419877
34 1.39999
35 1.0148
36 0.487897
37 1.00428
38 0.502981
39 1.14548
40 1.06473
41 0.586895
42 0.435157
43 0.683777
44 0.997372
45 0.539972
46 1.73304
47 0.911239
48 1.01971
49 0.342773
50 1.012
51 0.693379
52 0.559785
53 0.482603
54 0.859757
55 0.147894
56 0.285525
57 0.620195
58 1.1527
59 0.834441
60 0.500373
61 1.73732
62 1.2615
63 0.591231
64 0.384416
-64 1.47688
-63 0.384416
-62 0.591231
-61 1.2615
-60 1.73732
-59 0.500373
-58 0.834441
-57 1.1527
-56 0.620195
-55 0.285525
-54 0.147894
-53 0.859757
-52 0.482603
-51 0.559785
-50 0.693379
-49 1.012
-48 0.342773
-47 1.01971
-46 0.911239
-45 1.73304
-44 0.539972
-43 0.997372
-42 0.683777
-41 0.435157
-40 0.586895
-39 1.06473
-38 1.14548
-37 0.502981
-36 1.00428
-35 0.487897
-34 1.0148
-33 1.39999
-32 0.0419877
-31 0.272125
-30 0.769006
-29 1.26812
-28 1.07812
-27 0.265272
-26 1.06443
-25 0.680753
-24 1.2296
-23 1.26672
-22 0.469069
-21 1.22825
-20 0.782338
-19 0.275054
-18 0.393638
-17 1.29675
-16 0.321106
-15 0.552678
-14 0.957322
-13 1.46797
-12 0.371685
-11 0.727444
-10 1.75361
-9 1.32344
-8 1.40857
-7 0.213332
-6 0.96482
-5 62.943
-4 1.26611
-3 1.05813
-2 45.118
-1 0.718019
