0 1.27353e-15
1 3.05493e-15
2 44.8
3 8.69094e-15
4 6.15441e-15
5 64
6 9.27972e-15
7 9.17106e-15
8 9.3565e-15
9 2.93385e-15
10 8.4981e-15
11 9.40496e-15
12 9.6144e-15
13 4.79668e-15
14 2.60411e-15
15 4.49326e-15
16 2.01771e-15
17 1.95652e-15
18 5.69383e-15
19 2.54604e-15
20 6.98381e-15
21 9.06207e-15
22 3.70967e-15
23 1.45498e-15
24 7.30817e-15
25 4.62601e-15
26 5.45534e-15
27 2.64823e-14
28 1.26488e-14
29 1.80488e-14
30 1.3256e-14
31 4.69305e-15
32 4.94706e-15
33 2.20253e-15
34 4.75009e-15
35 8.71158e-16
36 7.35784e-15
37 2.04868e-15
38 1.25931e-14
39 1.84612e-14
40 1.34566e-14
41 3.24381e-15
42 5.55432e-15
43 5.23108e-15
44 1.99323e-15
45 1.90153e-15
46 3.10848e-15
47 7.52371e-15
48 2.36552e-15
49 2.03705e-15
50 4.64334e-15
51 2.91553e-15
52 2.02322e-15
53 3.12573e-15
54 8.94875e-15
55 9.48117e-15
56 1.12915e-14
57 2.3583e-15
58 9.05662e-15
59 2.1591e-14
60 7.01988e-15
61 1.6309e-15
62 1.80589e-14
63 6.03459e-15
64 1.30484e-14
65 5.3786e-15
66 1.4667e-14
67 2.15869e-15
68 7.01988e-15
69 5.69781e-16
70 7.71706e-15
71 1.97631e-15
72 1.12915e-14
73 8.80504e-15
74 7.92107e-15
75 5.20647e-15
76 2.02322e-15
77 4.48614e-15
78 7.25763e-15
79 1.8816e-15
80 2.36552e-15
81 7.79279e-15
82 5.87886e-15
83 2.26834e-15
84 1.99323e-15
85 3.68175e-15
86 3.3148e-15
87 2.68934e-15
88 1.34566e-14
89 1.80081e-14
90 1.21794e-14
91 2.61084e-14
92 7.35784e-15
93 1.53911e-15
94 1.19201e-14
95 1.61505e-15
96 4.94706e-15
97 4.57853e-15
98 1.1727e-14
99 1.44545e-14
100 1.26488e-14
101 7.28297e-15
102 7.54288e-15
103 5.21935e-15
104 7.30817e-15
105 2.88503e-15
106 2.00548e-15
107 7.74274e-15
108 6.98381e-15
109 1.84798e-15
110 9.53054e-15
111 2.49639e-15
112 2.01771e-15
113 2.17076e-15
114 4.82005e-15
115 6.88464e-15
116 9.6144e-15
117 6.60133e-15
118 5.56402e-15
119 9.27453e-15
120 9.3565e-15
121 8.16292e-15
122 1.90457e-14
123 64
124 6.15441e-15
125 3.98533e-15
126 44.8
127 9.66972e-15
