0 0.217875
0.0078125 0.373671
0.015625 0.521855
0.0234375 0.655254
0.03125 0.767549
0.0390625 0.853636
0.046875 0.909917
0.0546875 0.934501
0.0625 0.927302
0.0703125 0.890032
0.078125 0.826086
0.0859375 0.740325
0.09375 0.638778
0.101562 0.52827
0.109375 0.416007
0.117188 0.309138
0.125 0.214321
0.132812 0.137325
0.140625 0.0826795
0.148438 0.0534062
0.15625 0.05084
0.164062 0.0745526
0.171875 0.122384
0.179688 0.190579
0.1875 0.27402
0.195312 0.366547
0.203125 0.461333
0.210938 0.551309
0.21875 0.629599
0.226562 0.68995
0.234375 0.727117
0.242188 0.737196
0.25 0.717875
0.257812 0.668584
0.265625 0.590554
0.273438 0.486751
0.28125 0.361721
0.289062 0.221331
0.296875 0.0724338
0.304688 -0.0775281
0.3125 -0.220954
0.320312 -0.350529
0.328125 -0.459645
0.335938 -0.542792
0.34375 -0.595876
0.351562 -0.616452
0.359375 -0.60387
0.367188 -0.559304
0.375 -0.485679
0.382812 -0.387491
0.390625 -0.270542
0.398438 -0.141588
0.40625 -0.0079379
0.414062 0.12298
0.421875 0.244057
0.429688 0.348925
0.4375 0.432327
0.445312 0.490425
0.453125 0.521018
0.460938 0.523658
0.46875 0.49967
0.476562 0.452055
0.484375 0.385292
0.492188 0.305059
0.5 0.217875
0.507812 0.130691
0.515625 0.050458
0.523438 -0.0163051
0.53125 -0.0639208
0.539062 -0.0879084
0.546875 -0.085268
0.554688 -0.0546758
0.5625 0.00342238
0.570312 0.0868247
0.578125 0.191692
0.585938 0.31277
0.59375 0.443687
0.601562 0.577338
0.609375 0.706292
0.617188 0.823241
0.625 0.921428
0.632812 0.995054
0.640625 1.03962
0.648438 1.0522
0.65625 1.03163
0.664062 0.978542
0.671875 0.895394
0.679688 0.786278
0.6875 0.656704
0.695312 0.513278
0.703125 0.363316
0.710938 0.214419
0.71875 0.0740289
0.726562 -0.0510012
0.734375 -0.154804
0.742188 -0.232835
0.75 -0.282125
0.757812 -0.301447
0.765625 -0.291367
0.773438 -0.2542
0.78125 -0.19385
0.789062 -0.115559
0.796875 -0.0255834
0.804688 0.0692024
0.8125 0.161729
0.820312 0.245171
0.828125 0.313366
0.835938 0.361197
0.84375 0.38491
0.851562 0.382343
0.859375 0.35307
0.867188 0.298424
0.875 0.221428
0.882812 0.126611
0.890625 0.0197423
0.898438 -0.0925205
0.90625 -0.203028
0.914062 -0.304575
0.921875 -0.390336
0.929688 -0.454283
0.9375 -0.491552
0.945312 -0.498751
0.953125 -0.474167
0.960938 -0.417886
0.96875 -0.331799
0.976562 -0.219504
0.984375 -0.0861052
0.992188 0.0620787
