0 0.217875
0.0078125 0.586194
0.015625 0.786257
0.0234375 1.02937
0.03125 1.39189
0.0390625 1.46999
0.046875 1.54268
0.0546875 1.6698
0.0625 1.44108
0.0703125 1.44327
0.078125 1.39155
0.0859375 1.05419
0.09375 1.12038
0.101562 0.626716
0.109375 0.630077
0.117188 0.28334
0.125 0.095651
0.132812 -0.0366534
0.140625 0.00180332
0.148438 -0.133493
0.15625 -0.162881
0.164062 -0.284296
0.171875 -0.104896
0.179688 0.164278
0.1875 0.323011
0.195312 0.433231
0.203125 0.554029
0.210938 0.928488
0.21875 1.03868
0.226562 1.20979
0.234375 1.11939
0.242188 1.24007
0.25 1.18166
0.257812 0.921416
0.265625 0.975831
0.273438 0.785812
0.28125 0.331148
0.289062 0.00762747
0.296875 -0.14272
0.304688 -0.561704
0.3125 -0.669951
0.320312 -0.949288
0.328125 -1.12855
0.335938 -1.3828
0.34375 -1.39426
0.351562 -1.44318
0.359375 -1.35061
0.367188 -1.50097
0.375 -1.27224
0.382812 -0.960106
0.390625 -0.803982
0.398438 -0.598989
0.40625 -0.214087
0.414062 -0.0421867
0.421875 0.215101
0.429688 0.483889
0.4375 0.466446
0.445312 0.583787
0.453125 0.836003
0.460938 0.744285
0.46875 0.626071
0.476562 0.734692
0.484375 0.436659
0.492188 0.425806
0.5 0.277282
0.507812 0.0650403
0.515625 -0.239781
0.523438 -0.318479
0.53125 -0.523044
0.539062 -0.475284
0.546875 -0.442283
0.554688 -0.280604
0.5625 -0.211107
0.570312 -0.15817
0.578125 0.233967
0.585938 0.369109
0.59375 0.505662
0.601562 0.823886
0.609375 1.20512
0.617188 1.36491
0.625 1.6629
0.632812 1.66227
0.640625 1.87281
0.648438 1.72981
0.65625 1.76553
0.664062 1.58731
0.671875 1.47367
0.679688 1.17892
0.6875 1.0981
0.695312 0.766408
0.703125 0.543204
0.710938 0.223276
0.71875 0.00919681
0.726562 -0.263557
0.734375 -0.468414
0.742188 -0.638813
0.75 -0.762858
0.757812 -0.771709
0.765625 -0.912304
0.773438 -0.833987
0.78125 -0.801428
0.789062 -0.421235
0.796875 -0.2835
0.804688 -0.094917
0.8125 0.0913638
0.820312 0.146444
0.828125 0.352213
0.835938 0.376667
0.84375 0.572405
0.851562 0.578355
0.859375 0.434042
0.867188 0.186794
0.875 0.0696474
0.882812 -0.135536
0.890625 -0.306249
0.898438 -0.532265
0.90625 -0.766124
0.914062 -0.942654
0.921875 -1.10747
0.929688 -1.17258
0.9375 -1.16639
0.945312 -1.20164
0.953125 -1.31674
0.960938 -1.16939
0.96875 -0.804806
0.976562 -0.781543
0.984375 -0.501904
0.992188 -0.244279
