0 -1.97215e-31
0.0078125 0.311592
0.015625 0.60796
0.0234375 0.874758
0.03125 1.09935
0.0390625 1.27152
0.046875 1.38408
0.0546875 1.43325
0.0625 1.41885
0.0703125 1.34431
0.078125 1.21642
0.0859375 1.0449
0.09375 0.841806
0.101562 0.620791
0.109375 0.396265
0.117188 0.182527
0.125 -0.00710678
0.132812 -0.161099
0.140625 -0.270391
0.148438 -0.328937
0.15625 -0.33407
0.164062 -0.286644
0.171875 -0.190982
0.179688 -0.054592
0.1875 0.112291
0.195312 0.297345
0.203125 0.486916
0.210938 0.666868
0.21875 0.823449
0.226562 0.94415
0.234375 1.01848
0.242188 1.03864
0.25 1
0.257812 0.901419
0.265625 0.745358
0.273438 0.537752
0.28125 0.287692
0.289062 0.00691214
0.296875 -0.290882
0.304688 -0.590806
0.3125 -0.877658
0.320312 -1.13681
0.328125 -1.35504
0.335938 -1.52133
0.34375 -1.6275
0.351562 -1.66865
0.359375 -1.64349
0.367188 -1.55436
0.375 -1.40711
0.382812 -1.21073
0.390625 -0.976834
0.398438 -0.718926
0.40625 -0.451625
0.414062 -0.18979
0.421875 0.0523646
0.429688 0.2621
0.4375 0.428905
0.445312 0.545101
0.453125 0.606286
0.460938 0.611566
0.46875 0.563591
0.476562 0.46836
0.484375 0.334834
0.492188 0.174368
0.5 4.40858e-16
0.507812 -0.174368
0.515625 -0.334834
0.523438 -0.46836
0.53125 -0.563591
0.539062 -0.611566
0.546875 -0.606286
0.554688 -0.545101
0.5625 -0.428905
0.570312 -0.2621
0.578125 -0.0523646
0.585938 0.18979
0.59375 0.451625
0.601562 0.718926
0.609375 0.976834
0.617188 1.21073
0.625 1.40711
0.632812 1.55436
0.640625 1.64349
0.648438 1.66865
0.65625 1.6275
0.664062 1.52133
0.671875 1.35504
0.679688 1.13681
0.6875 0.877658
0.695312 0.590806
0.703125 0.290882
0.710938 -0.00691214
0.71875 -0.287692
0.726562 -0.537752
0.734375 -0.745358
0.742188 -0.901419
0.75 -1
0.757812 -1.03864
0.765625 -1.01848
0.773438 -0.94415
0.78125 -0.823449
0.789062 -0.666868
0.796875 -0.486916
0.804688 -0.297345
0.8125 -0.112291
0.820312 0.054592
0.828125 0.190982
0.835938 0.286644
0.84375 0.33407
0.851562 0.328937
0.859375 0.270391
0.867188 0.161099
0.875 0.00710678
0.882812 -0.182527
0.890625 -0.396265
0.898438 -0.620791
0.90625 -0.841806
0.914062 -1.0449
0.921875 -1.21642
0.929688 -1.34431
0.9375 -1.41885
0.945312 -1.43325
0.953125 -1.38408
0.960938 -1.27152
0.96875 -1.09935
0.976562 -0.874758
0.984375 -0.60796
0.992188 -0.311592
